  0.000000000000000E+000   1.00000000000000       -215.636010175170     
  5.639097744360901E-003   2.00000000000000       -154.075851790429     
  1.127819548872180E-002   3.00000000000000       -109.850590819875     
  1.691729323308271E-002   4.00000000000000       -79.3134912230125     
  2.255639097744360E-002   5.00000000000000       -57.2801060292668     
  2.819548872180451E-002   6.00000000000000       -40.6410823631103     
  3.383458646616540E-002   7.00000000000000       -27.6750855958332     
  3.947368421052631E-002   8.00000000000000       -18.2042526923748     
  4.511278195488721E-002   9.00000000000000       -12.6756650368908     
  5.075187969924806E-002   10.0000000000000       -8.23821223591705     
  5.639097744360905E-002   11.0000000000000       -4.88918669447850     
  6.203007518797005E-002   12.0000000000000       -2.95494878154142     
  6.766917293233106E-002   13.0000000000000       -1.62167157797355     
  7.330827067669159E-002   14.0000000000000      -0.968597342158649     
  7.894736842105259E-002   15.0000000000000      -0.568029827918731     
  8.458646616541360E-002   16.0000000000000      -0.348018426718920     
  9.022556390977458E-002   17.0000000000000      -0.340481956701033     
  9.586466165413510E-002   18.0000000000000      -0.416511190437995     
  0.101503759398496        19.0000000000000      -0.555152512656435     
  0.107142857142857        20.0000000000000      -0.660363151962883     
  0.112781954887218        21.0000000000000      -0.761896997697182     
  0.118421052631579        22.0000000000000      -0.849343475045903     
  0.124060150375940        23.0000000000000      -0.913879912669045     
  0.129699248120301        24.0000000000000      -0.948454472420162     
  0.135338345864662        25.0000000000000      -0.947919828045192     
  0.140977443609023        26.0000000000000      -0.909110172370749     
  0.146616541353384        27.0000000000000      -0.830855880239873     
  0.152255639097744        28.0000000000000      -0.713932367105475     
  0.157894736842105        29.0000000000000      -0.641716170650322     
  0.163533834586466        30.0000000000000      -0.472191616854681     
  0.169172932330827        31.0000000000000      -0.376133129262098     
  0.174812030075188        32.0000000000000      -0.165155239734610     
  0.180451127819549        33.0000000000000      -5.193104419734061E-002
  0.186090225563910        34.0000000000000       0.185368933665812     
  0.191729323308271        35.0000000000000       0.307491638574454     
  0.197368421052632        36.0000000000000       0.430595751096162     
  0.203007518796993        37.0000000000000       0.553674779223259     
  0.208646616541353        38.0000000000000       0.795788327755882     
  0.214285714285714        39.0000000000000       0.912900572192752     
  0.219924812030075        40.0000000000000        1.02616490250468     
  0.225563909774436        41.0000000000000        1.13473043849954     
  0.231203007518797        42.0000000000000        1.23780781405365     
  0.236842105263158        43.0000000000000        1.33467760598635     
  0.242481203007519        44.0000000000000        1.42469780465496     
  0.248120300751880        45.0000000000000        1.50731022918015     
  0.253759398496241        46.0000000000000        1.58204580278134     
  0.259398496240602        47.0000000000000        1.64852861790375     
  0.265037593984962        48.0000000000000        1.70647873647565     
  0.270676691729323        49.0000000000000        1.75571368763426     
  0.276315789473684        50.0000000000000        1.79614864335766     
  0.281954887218045        51.0000000000000        1.82779527147187     
  0.287593984962406        52.0000000000000        1.85075928514241     
  0.293233082706767        53.0000000000000        1.86523672798885     
  0.298872180451128        54.0000000000000        1.87150905397327     
  0.304511278195489        55.0000000000000        1.86993708092479     
  0.310150375939850        56.0000000000000        1.86993708092479     
  0.315789473684210        57.0000000000000        1.86095391549125     
  0.321428571428571        58.0000000000000        1.84505696511917     
  0.327067669172932        59.0000000000000        1.82279916879914     
  0.332706766917293        60.0000000000000        1.79477959242268     
  0.338345864661654        61.0000000000000        1.79477959242268     
  0.343984962406015        62.0000000000000        1.76163354612902     
  0.349624060150376        63.0000000000000        1.72402238959187     
  0.355263157894737        64.0000000000000        1.68262319650906     
  0.360902255639098        65.0000000000000        1.68262319650906     
  0.366541353383458        66.0000000000000        1.63811845121301     
  0.372180451127819        67.0000000000000        1.59118594837932     
  0.377819548872180        68.0000000000000        1.59118594837932     
  0.383458646616541        69.0000000000000        1.54248906125309     
  0.389097744360902        70.0000000000000        1.49266753468143     
  0.394736842105263        71.0000000000000        1.49266753468143     
  0.400375939849624        72.0000000000000        1.44232894732217     
  0.406015037593985        73.0000000000000        1.39204097251849     
  0.411654135338346        74.0000000000000        1.39204097251849     
  0.417293233082707        75.0000000000000        1.34232455062621     
  0.422932330827067        76.0000000000000        1.34232455062621     
  0.428571428571428        77.0000000000000        1.29364806697587     
  0.434210526315789        78.0000000000000        1.24642260997105     
  0.439849624060150        79.0000000000000        1.24642260997105     
  0.445488721804511        80.0000000000000        1.20099836311630     
  0.451127819548872        81.0000000000000        1.20099836311630     
  0.456766917293233        82.0000000000000        1.15766216357989     
  0.462406015037594        83.0000000000000        1.11663623826709     
  0.468045112781955        84.0000000000000        1.11663623826709     
  0.473684210526316        85.0000000000000        1.07807810680680     
  0.479323308270676        86.0000000000000        1.07807810680680     
  0.484962406015038        87.0000000000000        1.04208161943460     
  0.490601503759397        88.0000000000000        1.04208161943460     
  0.496240601503759        89.0000000000000        1.00867907708408     
  0.501879699248122        90.0000000000000        1.00867907708408     
  0.507518796992481        91.0000000000000       0.977844361251561     
  0.513157894736843        92.0000000000000       0.977844361251561     
  0.518796992481202        93.0000000000000       0.949496983085520     
  0.524436090225564        94.0000000000000       0.949496983085520     
  0.530075187969923        95.0000000000000       0.923506944889344     
  0.535714285714286        96.0000000000000       0.923506944889344     
  0.541353383458648        97.0000000000000       0.899700293495339     
  0.546992481203007        98.0000000000000       0.899700293495339     
  0.552631578947370        99.0000000000000       0.877865233943672     
  0.558270676691728        100.000000000000       0.877865233943672     
  0.563909774436091        101.000000000000       0.877865233943672     
  0.569548872180453        102.000000000000       0.857758664131826     
  0.575187969924811        103.000000000000       0.857758664131826     
  0.580827067669174        104.000000000000       0.839112986558340     
  0.586466165413533        105.000000000000       0.839112986558340     
  0.592105263157896        106.000000000000       0.821643052348852     
  0.597744360902254        107.000000000000       0.821643052348852     
  0.603383458646616        108.000000000000       0.805053095139423     
  0.609022556390980        109.000000000000       0.805053095139423     
  0.614661654135338        110.000000000000       0.805053095139423     
  0.620300751879701        111.000000000000       0.789043518224838     
  0.625939849624059        112.000000000000       0.789043518224838     
  0.631578947368422        113.000000000000       0.773317407173968     
  0.637218045112780        114.000000000000       0.773317407173968     
  0.642857142857143        115.000000000000       0.773317407173968     
  0.648496240601506        116.000000000000       0.757586651780201     
  0.654135338345864        117.000000000000       0.757586651780201     
  0.659774436090227        118.000000000000       0.741577575033123     
  0.665413533834585        119.000000000000       0.741577575033123     
  0.671052631578948        120.000000000000       0.741577575033123     
  0.676691729323310        121.000000000000       0.725035982613050     
  0.682330827067669        122.000000000000       0.725035982613050     
  0.687969924812032        123.000000000000       0.725035982613050     
  0.693609022556390        124.000000000000       0.707731563356878     
  0.699248120300753        125.000000000000       0.707731563356878     
  0.704887218045111        126.000000000000       0.689461588988639     
  0.710526315789474        127.000000000000       0.689461588988639     
  0.716165413533837        128.000000000000       0.689461588988639     
  0.721804511278195        129.000000000000       0.670053879336559     
  0.727443609022558        130.000000000000       0.670053879336559     
  0.733082706766916        131.000000000000       0.670053879336559     
  0.738721804511279        132.000000000000       0.649369017046907     
  0.744360902255637        133.000000000000       0.649369017046907     
  0.750000000000000        134.000000000000       0.649369017046907     
  0.755639097744363        135.000000000000       0.627301812649935     
  0.761278195488721        136.000000000000       0.627301812649935     
  0.766917293233084        137.000000000000       0.627301812649935     
  0.772556390977442        138.000000000000       0.603782036726082     
  0.778195488721805        139.000000000000       0.603782036726082     
  0.783834586466168        140.000000000000       0.603782036726082     
  0.789473684210526        141.000000000000       0.578774450117385     
  0.795112781954889        142.000000000000       0.578774450117385     
  0.800751879699247        143.000000000000       0.578774450117385     
  0.806390977443610        144.000000000000       0.552278175735414     
  0.812030075187968        145.000000000000       0.552278175735414     
  0.817669172932331        146.000000000000       0.552278175735414     
  0.823308270676694        147.000000000000       0.524325466037412     
  0.828947368421052        148.000000000000       0.524325466037412     
  0.834586466165415        149.000000000000       0.524325466037412     
  0.840225563909773        150.000000000000       0.494979928889963     
  0.845864661654136        151.000000000000       0.494979928889963     
  0.851503759398494        152.000000000000       0.494979928889963     
  0.857142857142857        153.000000000000       0.494979928889963     
  0.862781954887220        154.000000000000       0.464334280897203     
  0.868421052631578        155.000000000000       0.464334280897203     
  0.874060150375941        156.000000000000       0.464334280897203     
  0.879699248120299        157.000000000000       0.432507701836535     
  0.885338345864662        158.000000000000       0.432507701836535     
  0.890977443609025        159.000000000000       0.432507701836535     
  0.896616541353383        160.000000000000       0.432507701836535     
  0.902255639097746        161.000000000000       0.399642866226122     
  0.907894736842104        162.000000000000       0.399642866226122     
  0.913533834586467        163.000000000000       0.399642866226122     
  0.919172932330825        164.000000000000       0.365902728802216     
  0.924812030075188        165.000000000000       0.365902728802216     
  0.930451127819551        166.000000000000       0.365902728802216     
  0.936090225563909        167.000000000000       0.365902728802216     
  0.941729323308272        168.000000000000       0.331467139632640     
  0.947368421052630        169.000000000000       0.331467139632640     
  0.953007518796993        170.000000000000       0.331467139632640     
  0.958646616541351        171.000000000000       0.296529362268432     
  0.964285714285714        172.000000000000       0.296529362268432     
  0.969924812030077        173.000000000000       0.296529362268432     
  0.975563909774435        174.000000000000       0.296529362268432     
  0.981203007518798        175.000000000000       0.261292564522337     
  0.986842105263156        176.000000000000       0.261292564522337     
  0.992481203007519        177.000000000000       0.261292564522337     
  0.998120300751882        178.000000000000       0.261292564522337     
   1.00375939849624        179.000000000000       0.225966346897621     
   1.00939849624060        180.000000000000       0.225966346897621     
   1.01503759398496        181.000000000000       0.225966346897621     
   1.02067669172932        182.000000000000       0.225966346897621     
   1.02631578947368        183.000000000000       0.190763368011874     
   1.03195488721805        184.000000000000       0.190763368011874     
   1.03759398496241        185.000000000000       0.190763368011874     
   1.04323308270677        186.000000000000       0.190763368011874     
   1.04887218045113        187.000000000000       0.155896120289827     
   1.05451127819549        188.000000000000       0.155896120289827     
   1.06015037593985        189.000000000000       0.155896120289827     
   1.06578947368421        190.000000000000       0.155896120289827     
   1.07142857142857        191.000000000000       0.121573902451921     
   1.07706766917293        192.000000000000       0.121573902451921     
   1.08270676691729        193.000000000000       0.121573902451921     
   1.08834586466166        194.000000000000       0.121573902451921     
   1.09398496240601        195.000000000000       0.121573902451921     
   1.09962406015038        196.000000000000       8.800002854879971E-002
   1.10526315789474        197.000000000000       8.800002854879971E-002
   1.11090225563910        198.000000000000       8.800002854879971E-002
   1.11654135338346        199.000000000000       8.800002854879971E-002
   1.12218045112782        200.000000000000       5.536930605402349E-002
   1.12781954887218        201.000000000000       5.536930605402349E-002
   1.13345864661654        202.000000000000       5.536930605402349E-002
   1.13909774436090        203.000000000000       5.536930605402349E-002
   1.14473684210527        204.000000000000       2.386580862042906E-002
   1.15037593984962        205.000000000000       2.386580862042906E-002
   1.15601503759399        206.000000000000       2.386580862042906E-002
   1.16165413533834        207.000000000000       2.386580862042906E-002
   1.16729323308271        208.000000000000       2.386580862042906E-002
   1.17293233082707        209.000000000000      -6.339038000197961E-003
   1.17857142857143        210.000000000000      -6.339038000197961E-003
   1.18421052631579        211.000000000000      -6.339038000197961E-003
   1.18984962406015        212.000000000000      -6.339038000197961E-003
   1.19548872180451        213.000000000000      -3.508804508537812E-002
   1.20112781954887        214.000000000000      -3.508804508537812E-002
   1.20676691729323        215.000000000000      -3.508804508537812E-002
   1.21240601503760        216.000000000000      -3.508804508537812E-002
   1.21804511278195        217.000000000000      -3.508804508537812E-002
   1.22368421052632        218.000000000000      -6.223951991610531E-002
   1.22932330827068        219.000000000000      -6.223951991610531E-002
   1.23496240601504        220.000000000000      -6.223951991610531E-002
   1.24060150375940        221.000000000000      -6.223951991610531E-002
   1.24624060150376        222.000000000000      -6.223951991610531E-002
   1.25187969924812        223.000000000000      -8.766819548437003E-002
   1.25751879699248        224.000000000000      -8.766819548437003E-002
   1.26315789473684        225.000000000000      -8.766819548437003E-002
   1.26879699248120        226.000000000000      -8.766819548437003E-002
   1.27443609022556        227.000000000000      -8.766819548437003E-002
   1.28007518796993        228.000000000000      -0.111265837757897     
   1.28571428571429        229.000000000000      -0.111265837757897     
   1.29135338345865        230.000000000000      -0.111265837757897     
   1.29699248120301        231.000000000000      -0.111265837757897     
   1.30263157894737        232.000000000000      -0.111265837757897     
   1.30827067669173        233.000000000000      -0.132941542545104     
   1.31390977443609        234.000000000000      -0.132941542545104     
   1.31954887218045        235.000000000000      -0.132941542545104     
   1.32518796992481        236.000000000000      -0.132941542545104     
   1.33082706766917        237.000000000000      -0.132941542545104     
   1.33646616541353        238.000000000000      -0.152621738979164     
   1.34210526315790        239.000000000000      -0.152621738979164     
   1.34774436090225        240.000000000000      -0.152621738979164     
   1.35338345864662        241.000000000000      -0.152621738979164     
   1.35902255639098        242.000000000000      -0.152621738979164     
   1.36466165413534        243.000000000000      -0.170250080053346     
   1.37030075187970        244.000000000000      -0.170250080053346     
   1.37593984962406        245.000000000000      -0.170250080053346     
   1.38157894736842        246.000000000000      -0.170250080053346     
   1.38721804511278        247.000000000000      -0.170250080053346     
   1.39285714285714        248.000000000000      -0.170250080053346     
   1.39849624060151        249.000000000000      -0.185786840245358     
   1.40413533834586        250.000000000000      -0.185786840245358     
   1.40977443609023        251.000000000000      -0.185786840245358     
   1.41541353383458        252.000000000000      -0.185786840245358     
   1.42105263157895        253.000000000000      -0.185786840245358     
   1.42669172932331        254.000000000000      -0.199208039895482     
   1.43233082706767        255.000000000000      -0.199208039895482     
   1.43796992481203        256.000000000000      -0.199208039895482     
   1.44360902255639        257.000000000000      -0.199208039895482     
   1.44924812030075        258.000000000000      -0.199208039895482     
   1.45488721804511        259.000000000000      -0.199208039895482     
   1.46052631578947        260.000000000000      -0.210504593574161     
   1.46616541353384        261.000000000000      -0.210504593574161     
   1.47180451127819        262.000000000000      -0.210504593574161     
   1.47744360902256        263.000000000000      -0.210504593574161     
   1.48308270676692        264.000000000000      -0.210504593574161     
   1.48872180451128        265.000000000000      -0.210504593574161     
   1.49436090225564        266.000000000000      -0.219681212561452     
   1.50000000000000        267.000000000000      -0.219681212561452     
   1.50563909774436        268.000000000000      -0.219681212561452     
   1.51127819548872        269.000000000000      -0.219681212561452     
   1.51691729323308        270.000000000000      -0.219681212561452     
   1.52255639097744        271.000000000000      -0.219681212561452     
   1.52819548872180        272.000000000000      -0.226755278245296     
   1.53383458646617        273.000000000000      -0.226755278245296     
   1.53947368421053        274.000000000000      -0.226755278245296     
   1.54511278195489        275.000000000000      -0.226755278245296     
   1.55075187969925        276.000000000000      -0.226755278245296     
   1.55639097744361        277.000000000000      -0.226755278245296     
   1.56203007518797        278.000000000000      -0.231755485078671     
   1.56766917293233        279.000000000000      -0.231755485078671     
   1.57330827067669        280.000000000000      -0.231755485078671     
   1.57894736842105        281.000000000000      -0.231755485078671     
   1.58458646616541        282.000000000000      -0.231755485078671     
   1.59022556390977        283.000000000000      -0.231755485078671     
   1.59586466165414        284.000000000000      -0.234720569867282     
   1.60150375939850        285.000000000000      -0.234720569867282     
   1.60714285714286        286.000000000000      -0.234720569867282     
   1.61278195488722        287.000000000000      -0.234720569867282     
   1.61842105263158        288.000000000000      -0.234720569867282     
   1.62406015037594        289.000000000000      -0.234720569867282     
   1.62969924812030        290.000000000000      -0.235697990617016     
   1.63533834586466        291.000000000000      -0.235697990617016     
   1.64097744360902        292.000000000000      -0.235697990617016     
   1.64661654135338        293.000000000000      -0.235697990617016     
   1.65225563909775        294.000000000000      -0.235697990617016     
   1.65789473684210        295.000000000000      -0.235697990617016     
   1.66353383458647        296.000000000000      -0.234742642368139     
   1.66917293233082        297.000000000000      -0.234742642368139     
   1.67481203007519        298.000000000000      -0.234742642368139     
   1.68045112781955        299.000000000000      -0.234742642368139     
   1.68609022556391        300.000000000000      -0.234742642368139     
   1.69172932330827        301.000000000000      -0.234742642368139     
   1.69736842105263        302.000000000000      -0.234742642368139     
   1.70300751879699        303.000000000000      -0.231915648282322     
   1.70864661654136        304.000000000000      -0.231915648282322     
   1.71428571428571        305.000000000000      -0.231915648282322     
   1.71992481203008        306.000000000000      -0.231915648282322     
   1.72556390977443        307.000000000000      -0.231915648282322     
   1.73120300751880        308.000000000000      -0.231915648282322     
   1.73684210526316        309.000000000000      -0.231915648282322     
   1.74248120300752        310.000000000000      -0.227283263853021     
   1.74812030075188        311.000000000000      -0.227283263853021     
   1.75375939849624        312.000000000000      -0.227283263853021     
   1.75939849624060        313.000000000000      -0.227283263853021     
   1.76503759398496        314.000000000000      -0.227283263853021     
   1.77067669172932        315.000000000000      -0.227283263853021     
   1.77631578947368        316.000000000000      -0.227283263853021     
   1.78195488721805        317.000000000000      -0.220915934741862     
   1.78759398496241        318.000000000000      -0.220915934741862     
   1.79323308270677        319.000000000000      -0.220915934741862     
   1.79887218045113        320.000000000000      -0.220915934741862     
   1.80451127819549        321.000000000000      -0.220915934741862     
   1.81015037593985        322.000000000000      -0.220915934741862     
   1.81578947368421        323.000000000000      -0.220915934741862     
   1.82142857142857        324.000000000000      -0.212887548978105     
   1.82706766917293        325.000000000000      -0.212887548978105     
   1.83270676691729        326.000000000000      -0.212887548978105     
   1.83834586466165        327.000000000000      -0.212887548978105     
   1.84398496240601        328.000000000000      -0.212887548978105     
   1.84962406015038        329.000000000000      -0.212887548978105     
   1.85526315789474        330.000000000000      -0.212887548978105     
   1.86090225563910        331.000000000000      -0.203274925216794     
   1.86654135338346        332.000000000000      -0.203274925216794     
   1.87218045112782        333.000000000000      -0.203274925216794     
   1.87781954887218        334.000000000000      -0.203274925216794     
   1.88345864661654        335.000000000000      -0.203274925216794     
   1.88909774436090        336.000000000000      -0.203274925216794     
   1.89473684210526        337.000000000000      -0.203274925216794     
   1.90037593984962        338.000000000000      -0.192157579653571     
   1.90601503759399        339.000000000000      -0.192157579653571     
   1.91165413533834        340.000000000000      -0.192157579653571     
   1.91729323308271        341.000000000000      -0.192157579653571     
   1.92293233082707        342.000000000000      -0.192157579653571     
   1.92857142857143        343.000000000000      -0.192157579653571     
   1.93421052631579        344.000000000000      -0.192157579653571     
   1.93984962406015        345.000000000000      -0.192157579653571     
   1.94548872180451        346.000000000000      -0.179617815671311     
   1.95112781954887        347.000000000000      -0.179617815671311     
   1.95676691729323        348.000000000000      -0.179617815671311     
   1.96240601503760        349.000000000000      -0.179617815671311     
   1.96804511278195        350.000000000000      -0.179617815671311     
   1.97368421052632        351.000000000000      -0.179617815671311     
   1.97932330827068        352.000000000000      -0.179617815671311     
   1.98496240601504        353.000000000000      -0.165741181217129     
   1.99060150375940        354.000000000000      -0.165741181217129     
   1.99624060150376        355.000000000000      -0.165741181217129     
   2.00187969924812        356.000000000000      -0.165741181217129     
   2.00751879699248        357.000000000000      -0.165741181217129     
   2.01315789473684        358.000000000000      -0.165741181217129     
   2.01879699248120        359.000000000000      -0.165741181217129     
   2.02443609022556        360.000000000000      -0.165741181217129     
   2.03007518796993        361.000000000000      -0.150617340355437     
   2.03571428571429        362.000000000000      -0.150617340355437     
   2.04135338345865        363.000000000000      -0.150617340355437     
   2.04699248120301        364.000000000000      -0.150617340355437     
   2.05263157894737        365.000000000000      -0.150617340355437     
   2.05827067669173        366.000000000000      -0.150617340355437     
   2.06390977443609        367.000000000000      -0.150617340355437     
   2.06954887218045        368.000000000000      -0.150617340355437     
   2.07518796992481        369.000000000000      -0.134341405284598     
   2.08082706766917        370.000000000000      -0.134341405284598     
   2.08646616541353        371.000000000000      -0.134341405284598     
   2.09210526315790        372.000000000000      -0.134341405284598     
   2.09774436090225        373.000000000000      -0.134341405284598     
   2.10338345864662        374.000000000000      -0.134341405284598     
   2.10902255639098        375.000000000000      -0.134341405284598     
   2.11466165413534        376.000000000000      -0.134341405284598     
   2.12030075187970        377.000000000000      -0.117015774768328     
   2.12593984962406        378.000000000000      -0.117015774768328     
   2.13157894736842        379.000000000000      -0.117015774768328     
   2.13721804511278        380.000000000000      -0.117015774768328     
   2.14285714285714        381.000000000000      -0.117015774768328     
   2.14849624060151        382.000000000000      -0.117015774768328     
   2.15413533834586        383.000000000000      -0.117015774768328     
   2.15977443609023        384.000000000000      -0.117015774768328     
   2.16541353383458        385.000000000000      -0.117015774768328     
   2.17105263157895        386.000000000000      -9.875252100884652E-002
   2.17669172932331        387.000000000000      -9.875252100884652E-002
   2.18233082706767        388.000000000000      -9.875252100884652E-002
   2.18796992481203        389.000000000000      -9.875252100884652E-002
   2.19360902255639        390.000000000000      -9.875252100884652E-002
   2.19924812030075        391.000000000000      -9.875252100884652E-002
   2.20488721804512        392.000000000000      -9.875252100884652E-002
   2.21052631578947        393.000000000000      -9.875252100884652E-002
   2.21616541353384        394.000000000000      -7.967636113794009E-002
   2.22180451127819        395.000000000000      -7.967636113794009E-002
   2.22744360902256        396.000000000000      -7.967636113794009E-002
   2.23308270676692        397.000000000000      -7.967636113794009E-002
   2.23872180451128        398.000000000000      -7.967636113794009E-002
   2.24436090225564        399.000000000000      -7.967636113794009E-002
   2.25000000000000        400.000000000000      -7.967636113794009E-002
